=== 内参矩阵 ===
[
[1176.347540158417, 0.0, 607.6185132320745],
[0.0, 1186.2378055794463, 498.52608083804654],
[0.0, 0.0, 1.0]
]

=== 畸变系数 ===
[
[0.04484228579511515, -0.9215491258612709, 0.0021623340511631667, -0.005030302930539572, 9.82113946414901]
]

=== 旋转矩阵 ===
[
[-0.49441044553493385, 0.8522283361642744, -0.17107067073177898],
[-0.8691195461637933, -0.48156300727911905, 0.11281969906152492],
[0.013766837762906048, 0.20446010138646517, 0.9787780857370307]
]

=== 平移向量 ===
[
[-0.06950631605871305],
[0.002921135953984309],
[0.12956466729397326]
]

=== 相机位姿 ===
[
[-0.49441044553493385, 0.8522283361642744, -0.17107067073177898, -0.06950631605871305],
[-0.8691195461637933, -0.48156300727911905, 0.11281969906152492, 0.002921135953984309],
[0.013766837762906048, 0.20446010138646517, 0.9787780857370307, 0.12956466729397326],
[0.0, 0.0, 0.0, 1.0]
]