=== 内参矩阵 ===
[
[465.693419888857, 0.0, 320.01988162806913],
[0.0, 466.5270049196418, 240.73936952218594],
[0.0, 0.0, 1.0]
]

=== 畸变系数 ===
[
[-0.0073021191742555615, 0.03871446393482678, -0.0014149482807058226, -0.0019750619402415614, -0.06345833724489382]
]

=== 旋转矩阵 ===
[
[0.6021806878325437, 0.20291364070562204, 0.7721427805899075],
[0.5611381995992292, 0.5803907569883411, -0.5901444654938619],
[-0.5678928949652919, 0.788652409885426, 0.2356375102352124]
]

=== 平移向量 ===
[
[-0.228550070517212],
[0.10116290284698827],
[0.02699552977627594]
]

=== 相机位姿 ===
[
[0.6021806878325437, 0.20291364070562204, 0.7721427805899075, -0.228550070517212],
[0.5611381995992292, 0.5803907569883411, -0.5901444654938619, 0.10116290284698827],
[-0.5678928949652919, 0.788652409885426, 0.2356375102352124, 0.02699552977627594],
[0.0, 0.0, 0.0, 1.0]
]